Load:
0.219970703125	0.5999755859375	0.79998779296875	1.0999755859375	1.4000244140625	1.5999755859375	1.79998779296875	2	2.0999755859375	2.29998779296875	2.5	2.70001220703125	2.79998779296875	3

Rpm:
800
1200
1600
2000
2400
2800
3200
3600
4000
4400
4800
5200
5600
6000
6400
6800

Target Afrs:
14.7	14.7	14.7	14.7	14.25454545454545	14.25454545454545	14.25454545454545	14.25454545454545	14.25454545454545	14.25454545454545	14.25454545454545	14.25454545454545	14.04179104477612	14.04179104477612
14.7	14.7	14.7	14.25454545454545	14.25454545454545	14.04179104477612	14.04179104477612	14.04179104477612	13.53669064748201	13.53669064748201	13.53669064748201	13.53669064748201	13.53669064748201	13.53669064748201
14.7	14.7	14.7	14.04179104477612	14.04179104477612	14.04179104477612	14.04179104477612	14.04179104477612	13.53669064748201	13.53669064748201	13.53669064748201	13.53669064748201	13.53669064748201	13.53669064748201
14.7	14.7	14.7	14.04179104477612	14.04179104477612	13.53669064748201	13.53669064748201	12.97655172413793	12.97655172413793	12.97655172413793	12.97655172413793	12.97655172413793	12.97655172413793	12.97655172413793
14.7	14.7	14.7	13.53669064748201	13.44	12.97655172413793	12.97655172413793	12.46092715231788	12.13935483870968	12.06153846153846	11.98471337579618	11.98471337579618	11.98471337579618	11.98471337579618
14.7	14.7	14.7	13.53669064748201	13.06666666666667	12.97655172413793	11.98471337579618	11.98471337579618	11.98471337579618	11.98471337579618	11.90886075949367	11.90886075949367	11.90886075949367	11.90886075949367
14.7	14.7	14.7	12.97655172413793	12.97655172413793	11.98471337579618	11.47317073170732	11.26706586826347	11.26706586826347	11.26706586826347	11.2	11.2	11.2	11.2
14.7	14.7	13.53669064748201	12.544	11.98471337579618	11.47317073170732	11.26706586826347	11.2	11.2	11.2	11.00350877192982	11.00350877192982	11.00350877192982	11.00350877192982
14.7	14.7	13.53669064748201	11.98471337579618	11.47317073170732	11.26706586826347	11.2	11.2	11.00350877192982	10.81379310344828	10.81379310344828	10.51173184357542	10.51173184357542	10.51173184357542
14.25454545454545	14.25454545454545	12.46092715231788	11.47317073170732	11.26706586826347	11.2	11.2	11.00350877192982	10.81379310344828	10.81379310344828	10.51173184357542	10.51173184357542	10.51173184357542	10.51173184357542
14.25454545454545	13.53669064748201	12.37894736842105	11.40363636363636	11.2	11.2	11.00350877192982	10.81379310344828	10.81379310344828	10.51173184357542	10.51173184357542	10.51173184357542	10.51173184357542	10.51173184357542
13.06666666666667	13.06666666666667	12.06153846153846	11.40363636363636	11.2	11.00350877192982	10.81379310344828	10.81379310344828	10.51173184357542	10.51173184357542	10.22608695652174	10.22608695652174	10.22608695652174	10.22608695652174
13.06666666666667	12.97655172413793	11.98471337579618	11.33493975903614	11.2	10.81379310344828	10.81379310344828	10.51173184357542	10.51173184357542	10.51173184357542	10.22608695652174	10.22608695652174	10.22608695652174	10.22608695652174
12.97655172413793	12.97655172413793	11.47317073170732	11.26706586826347	11.2	10.81379310344828	10.51173184357542	10.51173184357542	10.57078651685393	10.51173184357542	10.22608695652174	10.22608695652174	10.22608695652174	10.22608695652174
12.46092715231788	12.46092715231788	11.47317073170732	11.2	11.00350877192982	10.51173184357542	10.51173184357542	10.51173184357542	10.51173184357542	10.51173184357542	10.22608695652174	10.22608695652174	10.22608695652174	10.22608695652174
12.46092715231788	12.46092715231788	11.47317073170732	11.2	11.00350877192982	10.51173184357542	10.51173184357542	10.51173184357542	10.51173184357542	10.51173184357542	10.22608695652174	10.22608695652174	10.22608695652174	10.22608695652174